{
 "cells": [
  {
   "cell_type": "markdown",
   "id": "b6502868",
   "metadata": {},
   "source": [
    "#                                             SIG720: Machine Learning "
   ]
  },
  {
   "cell_type": "markdown",
   "id": "f1c48883",
   "metadata": {},
   "source": [
    "# TASK 4:\n",
    "\n",
    "## B PRIYANKAA\n",
    "\n",
    "### s224207694\n",
    "### priyayj2016@gmail.com\n",
    "\n",
    "## TARGET GRADE: PASS(P)"
   ]
  },
  {
   "cell_type": "markdown",
   "id": "fb06a0b1",
   "metadata": {},
   "source": [
    "## ABSTRACT:\n",
    "\n",
    "### In order to find if the electrical grid is stable or unstable based on the dataset given."
   ]
  },
  {
   "cell_type": "markdown",
   "id": "6ba3b042",
   "metadata": {},
   "source": [
    "## TASKS:\n",
    "\n",
    "1. To download Electrical Grid Stability Simulated Data dataset from the link, \"https://archive.ics.uci.edu/dataset/471/electrical+grid+stability+simulated+data\" and print the dimension of the dataset.\n",
    "\n",
    "2. To classify the \"Electrical Grid Stability Simulated Data\" (target=stabf) available in the dataset using SVM with three different kernels.\n",
    "\n",
    "    - 2.1 To select appropriate data splitting approach and performance metrics.\n",
    "    \n",
    "    - 2.2 To report the performances and the used model hyper-parameters.\n",
    "    \n",
    "    \n",
    "    \n",
    "3. To use the same training and test set, use KNN and tune K on the training set, report the performance on the test set and the optimal K.\n",
    "\n",
    "4. To use the same training and test set, use Decision Tree and tune the depth of the tree on the training set, report the performance on the test set and the optimal depth.\n",
    "\n",
    "5. To share my understanding of hyper-parameters tuning in ML model development based on the model hyper-parameters used in question 2, 3 and question 4."
   ]
  },
  {
   "cell_type": "markdown",
   "id": "1fdf2b8b",
   "metadata": {},
   "source": [
    "### All the necessary libraries are imported."
   ]
  },
  {
   "cell_type": "code",
   "execution_count": 1,
   "id": "18bc546f",
   "metadata": {},
   "outputs": [],
   "source": [
    "import numpy as np\n",
    "import pandas as pd\n",
    "import matplotlib.pyplot as plt\n",
    "import seaborn as sns\n",
    "import scipy.stats as stats\n",
    "import warnings\n",
    "warnings.filterwarnings('ignore')\n",
    "%matplotlib inline\n",
    "from scipy.stats import zscore\n",
    "from sklearn.model_selection import train_test_split"
   ]
  },
  {
   "cell_type": "markdown",
   "id": "aadb3cb3",
   "metadata": {},
   "source": [
    "# 1. Download Electrical Grid Stability Simulated Data dataset and print the dimension of the dataset."
   ]
  },
  {
   "cell_type": "markdown",
   "id": "bad6fe58",
   "metadata": {},
   "source": [
    "1. The dataset is downloaded from the \"https://archive.ics.uci.edu/dataset/471/electrical+grid+stability+simulated+data\". The zipped folder, electrical+grid+stability+simulated+data.zip.\n",
    "\n",
    "2. The zipped folder is then extracted. Then extracted folder is in the name \"electrical+grid+stability+simulated+data\".\n",
    "\n",
    "3. The csv file with the name \"Data_for_UCI_named.csv\" is then copied to Users folder of Local c drive."
   ]
  },
  {
   "cell_type": "code",
   "execution_count": 2,
   "id": "0d8053cb",
   "metadata": {},
   "outputs": [
    {
     "data": {
      "text/html": [
       "<div>\n",
       "<style scoped>\n",
       "    .dataframe tbody tr th:only-of-type {\n",
       "        vertical-align: middle;\n",
       "    }\n",
       "\n",
       "    .dataframe tbody tr th {\n",
       "        vertical-align: top;\n",
       "    }\n",
       "\n",
       "    .dataframe thead th {\n",
       "        text-align: right;\n",
       "    }\n",
       "</style>\n",
       "<table border=\"1\" class=\"dataframe\">\n",
       "  <thead>\n",
       "    <tr style=\"text-align: right;\">\n",
       "      <th></th>\n",
       "      <th>tau1</th>\n",
       "      <th>tau2</th>\n",
       "      <th>tau3</th>\n",
       "      <th>tau4</th>\n",
       "      <th>p1</th>\n",
       "      <th>p2</th>\n",
       "      <th>p3</th>\n",
       "      <th>p4</th>\n",
       "      <th>g1</th>\n",
       "      <th>g2</th>\n",
       "      <th>g3</th>\n",
       "      <th>g4</th>\n",
       "      <th>stab</th>\n",
       "      <th>stabf</th>\n",
       "    </tr>\n",
       "  </thead>\n",
       "  <tbody>\n",
       "    <tr>\n",
       "      <th>0</th>\n",
       "      <td>2.959060</td>\n",
       "      <td>3.079885</td>\n",
       "      <td>8.381025</td>\n",
       "      <td>9.780754</td>\n",
       "      <td>3.763085</td>\n",
       "      <td>-0.782604</td>\n",
       "      <td>-1.257395</td>\n",
       "      <td>-1.723086</td>\n",
       "      <td>0.650456</td>\n",
       "      <td>0.859578</td>\n",
       "      <td>0.887445</td>\n",
       "      <td>0.958034</td>\n",
       "      <td>0.055347</td>\n",
       "      <td>unstable</td>\n",
       "    </tr>\n",
       "    <tr>\n",
       "      <th>1</th>\n",
       "      <td>9.304097</td>\n",
       "      <td>4.902524</td>\n",
       "      <td>3.047541</td>\n",
       "      <td>1.369357</td>\n",
       "      <td>5.067812</td>\n",
       "      <td>-1.940058</td>\n",
       "      <td>-1.872742</td>\n",
       "      <td>-1.255012</td>\n",
       "      <td>0.413441</td>\n",
       "      <td>0.862414</td>\n",
       "      <td>0.562139</td>\n",
       "      <td>0.781760</td>\n",
       "      <td>-0.005957</td>\n",
       "      <td>stable</td>\n",
       "    </tr>\n",
       "    <tr>\n",
       "      <th>2</th>\n",
       "      <td>8.971707</td>\n",
       "      <td>8.848428</td>\n",
       "      <td>3.046479</td>\n",
       "      <td>1.214518</td>\n",
       "      <td>3.405158</td>\n",
       "      <td>-1.207456</td>\n",
       "      <td>-1.277210</td>\n",
       "      <td>-0.920492</td>\n",
       "      <td>0.163041</td>\n",
       "      <td>0.766689</td>\n",
       "      <td>0.839444</td>\n",
       "      <td>0.109853</td>\n",
       "      <td>0.003471</td>\n",
       "      <td>unstable</td>\n",
       "    </tr>\n",
       "    <tr>\n",
       "      <th>3</th>\n",
       "      <td>0.716415</td>\n",
       "      <td>7.669600</td>\n",
       "      <td>4.486641</td>\n",
       "      <td>2.340563</td>\n",
       "      <td>3.963791</td>\n",
       "      <td>-1.027473</td>\n",
       "      <td>-1.938944</td>\n",
       "      <td>-0.997374</td>\n",
       "      <td>0.446209</td>\n",
       "      <td>0.976744</td>\n",
       "      <td>0.929381</td>\n",
       "      <td>0.362718</td>\n",
       "      <td>0.028871</td>\n",
       "      <td>unstable</td>\n",
       "    </tr>\n",
       "    <tr>\n",
       "      <th>4</th>\n",
       "      <td>3.134112</td>\n",
       "      <td>7.608772</td>\n",
       "      <td>4.943759</td>\n",
       "      <td>9.857573</td>\n",
       "      <td>3.525811</td>\n",
       "      <td>-1.125531</td>\n",
       "      <td>-1.845975</td>\n",
       "      <td>-0.554305</td>\n",
       "      <td>0.797110</td>\n",
       "      <td>0.455450</td>\n",
       "      <td>0.656947</td>\n",
       "      <td>0.820923</td>\n",
       "      <td>0.049860</td>\n",
       "      <td>unstable</td>\n",
       "    </tr>\n",
       "  </tbody>\n",
       "</table>\n",
       "</div>"
      ],
      "text/plain": [
       "       tau1      tau2      tau3      tau4        p1        p2        p3  \\\n",
       "0  2.959060  3.079885  8.381025  9.780754  3.763085 -0.782604 -1.257395   \n",
       "1  9.304097  4.902524  3.047541  1.369357  5.067812 -1.940058 -1.872742   \n",
       "2  8.971707  8.848428  3.046479  1.214518  3.405158 -1.207456 -1.277210   \n",
       "3  0.716415  7.669600  4.486641  2.340563  3.963791 -1.027473 -1.938944   \n",
       "4  3.134112  7.608772  4.943759  9.857573  3.525811 -1.125531 -1.845975   \n",
       "\n",
       "         p4        g1        g2        g3        g4      stab     stabf  \n",
       "0 -1.723086  0.650456  0.859578  0.887445  0.958034  0.055347  unstable  \n",
       "1 -1.255012  0.413441  0.862414  0.562139  0.781760 -0.005957    stable  \n",
       "2 -0.920492  0.163041  0.766689  0.839444  0.109853  0.003471  unstable  \n",
       "3 -0.997374  0.446209  0.976744  0.929381  0.362718  0.028871  unstable  \n",
       "4 -0.554305  0.797110  0.455450  0.656947  0.820923  0.049860  unstable  "
      ]
     },
     "execution_count": 2,
     "metadata": {},
     "output_type": "execute_result"
    }
   ],
   "source": [
    "#Pandas library- essential for handling and manipulating data in Python\n",
    "\n",
    "import pandas as pd\n",
    "\n",
    "df = pd.read_csv(\"Data_for_UCI_named.csv\")\n",
    "\n",
    "df.head()"
   ]
  },
  {
   "cell_type": "markdown",
   "id": "0ed9e8db",
   "metadata": {},
   "source": [
    "- The first step is to download the dataset and it is stored in the variable name: df.\n",
    "\n",
    "- The dimension of the dataset is said to be 10000 rows and 14 columns."
   ]
  },
  {
   "cell_type": "code",
   "execution_count": 3,
   "id": "4d9c036a",
   "metadata": {},
   "outputs": [
    {
     "name": "stdout",
     "output_type": "stream",
     "text": [
      "The shape of the dataset (10000, 14)\n"
     ]
    }
   ],
   "source": [
    "print('The shape of the dataset',df.shape)"
   ]
  },
  {
   "cell_type": "code",
   "execution_count": 4,
   "id": "8d71157d",
   "metadata": {},
   "outputs": [
    {
     "name": "stdout",
     "output_type": "stream",
     "text": [
      "The columns present in the dataset Index(['tau1', 'tau2', 'tau3', 'tau4', 'p1', 'p2', 'p3', 'p4', 'g1', 'g2',\n",
      "       'g3', 'g4', 'stab', 'stabf'],\n",
      "      dtype='object')\n"
     ]
    }
   ],
   "source": [
    "print('The columns present in the dataset',df.columns)"
   ]
  },
  {
   "cell_type": "code",
   "execution_count": 5,
   "id": "a689d65d",
   "metadata": {},
   "outputs": [
    {
     "name": "stdout",
     "output_type": "stream",
     "text": [
      "The datatypes of the columns present are: float64    13\n",
      "object      1\n",
      "dtype: int64\n"
     ]
    }
   ],
   "source": [
    "print('The datatypes of the columns present are:',df.dtypes.value_counts())"
   ]
  },
  {
   "cell_type": "markdown",
   "id": "ee8657b9",
   "metadata": {},
   "source": [
    "#### There are totally 14 columns where 13 columns are of float64 and 1 column with the name 'stabf' of dtype object."
   ]
  },
  {
   "cell_type": "code",
   "execution_count": 6,
   "id": "ce44a68d",
   "metadata": {},
   "outputs": [
    {
     "name": "stdout",
     "output_type": "stream",
     "text": [
      "<class 'pandas.core.frame.DataFrame'>\n",
      "RangeIndex: 10000 entries, 0 to 9999\n",
      "Data columns (total 14 columns):\n",
      " #   Column  Non-Null Count  Dtype  \n",
      "---  ------  --------------  -----  \n",
      " 0   tau1    10000 non-null  float64\n",
      " 1   tau2    10000 non-null  float64\n",
      " 2   tau3    10000 non-null  float64\n",
      " 3   tau4    10000 non-null  float64\n",
      " 4   p1      10000 non-null  float64\n",
      " 5   p2      10000 non-null  float64\n",
      " 6   p3      10000 non-null  float64\n",
      " 7   p4      10000 non-null  float64\n",
      " 8   g1      10000 non-null  float64\n",
      " 9   g2      10000 non-null  float64\n",
      " 10  g3      10000 non-null  float64\n",
      " 11  g4      10000 non-null  float64\n",
      " 12  stab    10000 non-null  float64\n",
      " 13  stabf   10000 non-null  object \n",
      "dtypes: float64(13), object(1)\n",
      "memory usage: 1.1+ MB\n"
     ]
    }
   ],
   "source": [
    "df.info()"
   ]
  },
  {
   "cell_type": "code",
   "execution_count": 7,
   "id": "d1f56a54",
   "metadata": {},
   "outputs": [
    {
     "name": "stdout",
     "output_type": "stream",
     "text": [
      "tau1     0\n",
      "tau2     0\n",
      "tau3     0\n",
      "tau4     0\n",
      "p1       0\n",
      "p2       0\n",
      "p3       0\n",
      "p4       0\n",
      "g1       0\n",
      "g2       0\n",
      "g3       0\n",
      "g4       0\n",
      "stab     0\n",
      "stabf    0\n",
      "dtype: int64\n"
     ]
    }
   ],
   "source": [
    "# Print feature names with the number of missing entries\n",
    "missing_entries = df.isnull().sum()\n",
    "print(missing_entries)"
   ]
  },
  {
   "cell_type": "code",
   "execution_count": 8,
   "id": "94ea605f",
   "metadata": {},
   "outputs": [
    {
     "data": {
      "text/html": [
       "<div>\n",
       "<style scoped>\n",
       "    .dataframe tbody tr th:only-of-type {\n",
       "        vertical-align: middle;\n",
       "    }\n",
       "\n",
       "    .dataframe tbody tr th {\n",
       "        vertical-align: top;\n",
       "    }\n",
       "\n",
       "    .dataframe thead th {\n",
       "        text-align: right;\n",
       "    }\n",
       "</style>\n",
       "<table border=\"1\" class=\"dataframe\">\n",
       "  <thead>\n",
       "    <tr style=\"text-align: right;\">\n",
       "      <th></th>\n",
       "      <th>tau1</th>\n",
       "      <th>tau2</th>\n",
       "      <th>tau3</th>\n",
       "      <th>tau4</th>\n",
       "      <th>p1</th>\n",
       "      <th>p2</th>\n",
       "      <th>p3</th>\n",
       "      <th>p4</th>\n",
       "      <th>g1</th>\n",
       "      <th>g2</th>\n",
       "      <th>g3</th>\n",
       "      <th>g4</th>\n",
       "      <th>stab</th>\n",
       "    </tr>\n",
       "  </thead>\n",
       "  <tbody>\n",
       "    <tr>\n",
       "      <th>tau1</th>\n",
       "      <td>1.000000</td>\n",
       "      <td>0.015586</td>\n",
       "      <td>-0.005970</td>\n",
       "      <td>-0.017265</td>\n",
       "      <td>0.027183</td>\n",
       "      <td>-0.015485</td>\n",
       "      <td>-0.015924</td>\n",
       "      <td>-0.015807</td>\n",
       "      <td>0.010521</td>\n",
       "      <td>0.015350</td>\n",
       "      <td>-0.001279</td>\n",
       "      <td>0.005494</td>\n",
       "      <td>0.275761</td>\n",
       "    </tr>\n",
       "    <tr>\n",
       "      <th>tau2</th>\n",
       "      <td>0.015586</td>\n",
       "      <td>1.000000</td>\n",
       "      <td>0.014273</td>\n",
       "      <td>-0.001965</td>\n",
       "      <td>-0.004769</td>\n",
       "      <td>0.006573</td>\n",
       "      <td>0.007673</td>\n",
       "      <td>-0.005963</td>\n",
       "      <td>-0.001742</td>\n",
       "      <td>0.015383</td>\n",
       "      <td>0.016508</td>\n",
       "      <td>-0.011764</td>\n",
       "      <td>0.290975</td>\n",
       "    </tr>\n",
       "    <tr>\n",
       "      <th>tau3</th>\n",
       "      <td>-0.005970</td>\n",
       "      <td>0.014273</td>\n",
       "      <td>1.000000</td>\n",
       "      <td>0.004354</td>\n",
       "      <td>0.016953</td>\n",
       "      <td>-0.003134</td>\n",
       "      <td>-0.008780</td>\n",
       "      <td>-0.017531</td>\n",
       "      <td>-0.011605</td>\n",
       "      <td>0.007671</td>\n",
       "      <td>0.014702</td>\n",
       "      <td>-0.011497</td>\n",
       "      <td>0.280700</td>\n",
       "    </tr>\n",
       "    <tr>\n",
       "      <th>tau4</th>\n",
       "      <td>-0.017265</td>\n",
       "      <td>-0.001965</td>\n",
       "      <td>0.004354</td>\n",
       "      <td>1.000000</td>\n",
       "      <td>-0.003173</td>\n",
       "      <td>0.010553</td>\n",
       "      <td>0.006169</td>\n",
       "      <td>-0.011211</td>\n",
       "      <td>-0.004149</td>\n",
       "      <td>0.008431</td>\n",
       "      <td>0.003260</td>\n",
       "      <td>-0.000491</td>\n",
       "      <td>0.278576</td>\n",
       "    </tr>\n",
       "    <tr>\n",
       "      <th>p1</th>\n",
       "      <td>0.027183</td>\n",
       "      <td>-0.004769</td>\n",
       "      <td>0.016953</td>\n",
       "      <td>-0.003173</td>\n",
       "      <td>1.000000</td>\n",
       "      <td>-0.573157</td>\n",
       "      <td>-0.584554</td>\n",
       "      <td>-0.579239</td>\n",
       "      <td>0.000721</td>\n",
       "      <td>0.015405</td>\n",
       "      <td>0.001069</td>\n",
       "      <td>-0.015451</td>\n",
       "      <td>0.010278</td>\n",
       "    </tr>\n",
       "    <tr>\n",
       "      <th>p2</th>\n",
       "      <td>-0.015485</td>\n",
       "      <td>0.006573</td>\n",
       "      <td>-0.003134</td>\n",
       "      <td>0.010553</td>\n",
       "      <td>-0.573157</td>\n",
       "      <td>1.000000</td>\n",
       "      <td>0.002388</td>\n",
       "      <td>-0.006844</td>\n",
       "      <td>0.015603</td>\n",
       "      <td>-0.018032</td>\n",
       "      <td>0.007555</td>\n",
       "      <td>0.019817</td>\n",
       "      <td>0.006255</td>\n",
       "    </tr>\n",
       "    <tr>\n",
       "      <th>p3</th>\n",
       "      <td>-0.015924</td>\n",
       "      <td>0.007673</td>\n",
       "      <td>-0.008780</td>\n",
       "      <td>0.006169</td>\n",
       "      <td>-0.584554</td>\n",
       "      <td>0.002388</td>\n",
       "      <td>1.000000</td>\n",
       "      <td>0.012953</td>\n",
       "      <td>-0.003219</td>\n",
       "      <td>-0.011575</td>\n",
       "      <td>-0.005897</td>\n",
       "      <td>-0.010485</td>\n",
       "      <td>-0.003321</td>\n",
       "    </tr>\n",
       "    <tr>\n",
       "      <th>p4</th>\n",
       "      <td>-0.015807</td>\n",
       "      <td>-0.005963</td>\n",
       "      <td>-0.017531</td>\n",
       "      <td>-0.011211</td>\n",
       "      <td>-0.579239</td>\n",
       "      <td>-0.006844</td>\n",
       "      <td>0.012953</td>\n",
       "      <td>1.000000</td>\n",
       "      <td>-0.013636</td>\n",
       "      <td>0.002850</td>\n",
       "      <td>-0.003515</td>\n",
       "      <td>0.017505</td>\n",
       "      <td>-0.020786</td>\n",
       "    </tr>\n",
       "    <tr>\n",
       "      <th>g1</th>\n",
       "      <td>0.010521</td>\n",
       "      <td>-0.001742</td>\n",
       "      <td>-0.011605</td>\n",
       "      <td>-0.004149</td>\n",
       "      <td>0.000721</td>\n",
       "      <td>0.015603</td>\n",
       "      <td>-0.003219</td>\n",
       "      <td>-0.013636</td>\n",
       "      <td>1.000000</td>\n",
       "      <td>0.007559</td>\n",
       "      <td>-0.005836</td>\n",
       "      <td>0.012431</td>\n",
       "      <td>0.282774</td>\n",
       "    </tr>\n",
       "    <tr>\n",
       "      <th>g2</th>\n",
       "      <td>0.015350</td>\n",
       "      <td>0.015383</td>\n",
       "      <td>0.007671</td>\n",
       "      <td>0.008431</td>\n",
       "      <td>0.015405</td>\n",
       "      <td>-0.018032</td>\n",
       "      <td>-0.011575</td>\n",
       "      <td>0.002850</td>\n",
       "      <td>0.007559</td>\n",
       "      <td>1.000000</td>\n",
       "      <td>-0.012809</td>\n",
       "      <td>-0.014909</td>\n",
       "      <td>0.293601</td>\n",
       "    </tr>\n",
       "    <tr>\n",
       "      <th>g3</th>\n",
       "      <td>-0.001279</td>\n",
       "      <td>0.016508</td>\n",
       "      <td>0.014702</td>\n",
       "      <td>0.003260</td>\n",
       "      <td>0.001069</td>\n",
       "      <td>0.007555</td>\n",
       "      <td>-0.005897</td>\n",
       "      <td>-0.003515</td>\n",
       "      <td>-0.005836</td>\n",
       "      <td>-0.012809</td>\n",
       "      <td>1.000000</td>\n",
       "      <td>0.006900</td>\n",
       "      <td>0.308235</td>\n",
       "    </tr>\n",
       "    <tr>\n",
       "      <th>g4</th>\n",
       "      <td>0.005494</td>\n",
       "      <td>-0.011764</td>\n",
       "      <td>-0.011497</td>\n",
       "      <td>-0.000491</td>\n",
       "      <td>-0.015451</td>\n",
       "      <td>0.019817</td>\n",
       "      <td>-0.010485</td>\n",
       "      <td>0.017505</td>\n",
       "      <td>0.012431</td>\n",
       "      <td>-0.014909</td>\n",
       "      <td>0.006900</td>\n",
       "      <td>1.000000</td>\n",
       "      <td>0.279214</td>\n",
       "    </tr>\n",
       "    <tr>\n",
       "      <th>stab</th>\n",
       "      <td>0.275761</td>\n",
       "      <td>0.290975</td>\n",
       "      <td>0.280700</td>\n",
       "      <td>0.278576</td>\n",
       "      <td>0.010278</td>\n",
       "      <td>0.006255</td>\n",
       "      <td>-0.003321</td>\n",
       "      <td>-0.020786</td>\n",
       "      <td>0.282774</td>\n",
       "      <td>0.293601</td>\n",
       "      <td>0.308235</td>\n",
       "      <td>0.279214</td>\n",
       "      <td>1.000000</td>\n",
       "    </tr>\n",
       "  </tbody>\n",
       "</table>\n",
       "</div>"
      ],
      "text/plain": [
       "          tau1      tau2      tau3      tau4        p1        p2        p3  \\\n",
       "tau1  1.000000  0.015586 -0.005970 -0.017265  0.027183 -0.015485 -0.015924   \n",
       "tau2  0.015586  1.000000  0.014273 -0.001965 -0.004769  0.006573  0.007673   \n",
       "tau3 -0.005970  0.014273  1.000000  0.004354  0.016953 -0.003134 -0.008780   \n",
       "tau4 -0.017265 -0.001965  0.004354  1.000000 -0.003173  0.010553  0.006169   \n",
       "p1    0.027183 -0.004769  0.016953 -0.003173  1.000000 -0.573157 -0.584554   \n",
       "p2   -0.015485  0.006573 -0.003134  0.010553 -0.573157  1.000000  0.002388   \n",
       "p3   -0.015924  0.007673 -0.008780  0.006169 -0.584554  0.002388  1.000000   \n",
       "p4   -0.015807 -0.005963 -0.017531 -0.011211 -0.579239 -0.006844  0.012953   \n",
       "g1    0.010521 -0.001742 -0.011605 -0.004149  0.000721  0.015603 -0.003219   \n",
       "g2    0.015350  0.015383  0.007671  0.008431  0.015405 -0.018032 -0.011575   \n",
       "g3   -0.001279  0.016508  0.014702  0.003260  0.001069  0.007555 -0.005897   \n",
       "g4    0.005494 -0.011764 -0.011497 -0.000491 -0.015451  0.019817 -0.010485   \n",
       "stab  0.275761  0.290975  0.280700  0.278576  0.010278  0.006255 -0.003321   \n",
       "\n",
       "            p4        g1        g2        g3        g4      stab  \n",
       "tau1 -0.015807  0.010521  0.015350 -0.001279  0.005494  0.275761  \n",
       "tau2 -0.005963 -0.001742  0.015383  0.016508 -0.011764  0.290975  \n",
       "tau3 -0.017531 -0.011605  0.007671  0.014702 -0.011497  0.280700  \n",
       "tau4 -0.011211 -0.004149  0.008431  0.003260 -0.000491  0.278576  \n",
       "p1   -0.579239  0.000721  0.015405  0.001069 -0.015451  0.010278  \n",
       "p2   -0.006844  0.015603 -0.018032  0.007555  0.019817  0.006255  \n",
       "p3    0.012953 -0.003219 -0.011575 -0.005897 -0.010485 -0.003321  \n",
       "p4    1.000000 -0.013636  0.002850 -0.003515  0.017505 -0.020786  \n",
       "g1   -0.013636  1.000000  0.007559 -0.005836  0.012431  0.282774  \n",
       "g2    0.002850  0.007559  1.000000 -0.012809 -0.014909  0.293601  \n",
       "g3   -0.003515 -0.005836 -0.012809  1.000000  0.006900  0.308235  \n",
       "g4    0.017505  0.012431 -0.014909  0.006900  1.000000  0.279214  \n",
       "stab -0.020786  0.282774  0.293601  0.308235  0.279214  1.000000  "
      ]
     },
     "execution_count": 8,
     "metadata": {},
     "output_type": "execute_result"
    }
   ],
   "source": [
    "df.corr()"
   ]
  },
  {
   "cell_type": "markdown",
   "id": "1a1a2e31",
   "metadata": {},
   "source": [
    "### Heatmap helps in better understanding of how the features are actually correlated. Dark colours denotes negative correlation and lighter shades denotes positive correlation."
   ]
  },
  {
   "cell_type": "code",
   "execution_count": 9,
   "id": "fbdaa29b",
   "metadata": {},
   "outputs": [
    {
     "data": {
